9
0,867,849,740,621,0,802,1846,0
867,0,0,187,0,1258,0,2704,0
849,0,0,144,0,0,0,0,0
740,187,144,0,184,1090,1391,0,0
621,0,0,184,0,946,0,0,0
0,1258,0,1090,946,0,1121,0,2342
802,0,0,1391,0,1121,0,1464,1235
1846,2704,0,0,0,0,1464,0,337
0,0,0,0,0,2342,1235,337,0
